-0.0253 2.5789
0.5586 0.3630
1.8325 6.8631
0.3335 0.4188
1.6926 6.1704
1.6857 5.9253
1.6865 3.4393
1.6402 5.7815
1.8932 5.4684
1.2350 3.4859
1.9665 6.6331
2.1095 6.6996
3.6424 6.2322
1.6254 6.3338
2.3033 6.2197
1.2101 1.2387
1.4543 1.5163
1.0905 3.3240
-0.1824 2.5585
3.6572 5.8320
2.0578 5.5606
1.7425 5.6378
1.1807 5.8917
1.4391 3.4848
0.5683 3.6367
2.9793 5.3456
2.8699 6.3037
0.6460 1.9432
0.8728 1.0462
0.8379 4.2310
1.2797 1.2064
2.2311 6.1343
0.7576 3.3002
1.9336 6.0034
0.9960 2.5833
2.4248 5.7405
0.4780 0.1725
2.0737 0.7056
1.0152 3.8140
0.6753 1.7887
2.8188 6.3410
0.7288 4.0769
3.1975 6.3251
0.8166 1.3570
2.7977 6.3012
1.5759 0.0514
0.7305 1.5171
1.5508 1.2187
1.5079 1.2789
0.5576 1.2437
3.1023 4.9640
2.0339 6.7103
3.2464 5.6248
0.7462 1.3102
0.6116 1.6288
0.1414 2.5136
2.4492 6.1803
2.2370 5.7358
2.4604 5.9428
1.4739 0.9794
1.7808 6.1813
1.3240 2.9364
2.3918 5.6875
1.1699 0.8813
1.5024 6.6789
2.6034 5.9201
2.8526 5.5421
2.6612 5.5116
0.6094 2.5569
0.9308 0.7715
2.1912 5.8078
0.2683 3.0744
3.3002 5.8150
2.5259 5.6481
2.3664 6.2396
0.3856 3.0966
2.8930 6.2121
1.3456 6.3213
0.8591 0.7013
2.2747 7.2742
3.3078 6.3007
2.3824 6.6885
0.8123 0.6620
1.0514 2.5898
1.9302 5.8386
0.1847 0.1786
2.7952 5.7703
2.0603 5.8213
1.4415 7.1894
0.5884 1.4608
2.0495 5.4867
2.4465 7.0972
1.4528 0.7311
1.0793 2.8358
1.0290 2.2050
0.8079 0.9788
1.0850 0.7323
0.3422 1.3418
1.5834 1.2426
1.3449 0.7691
3.4365 6.7113
0.2756 1.2369
0.6932 1.1928
1.0993 1.3052
1.3116 6.0694
1.5153 1.2903
2.5574 4.9516
2.3602 5.6165
2.1891 5.7902
1.9420 5.6971
2.3803 0.3305
2.5579 6.2621
0.3143 2.3335
2.3649 6.3997
1.8161 5.5704
3.1023 6.0308
0.7805 0.7934
0.4050 1.1596
1.4724 5.9310
1.9026 6.0209
0.4802 2.7949
1.9365 5.7916
1.7599 1.7348
1.2242 1.0198
1.3678 2.8231
1.7971 6.4436
1.3671 2.4669
1.2909 0.7209
1.8052 0.3988
2.4160 6.5636
0.9062 1.3761
0.3691 3.4451
0.5247 0.8467
1.5389 2.4455
1.9792 5.7174
2.8522 5.7808
3.2429 5.1541
3.3357 5.6650
0.7986 3.0368
1.1625 2.2336
0.9620 3.3210
0.9881 3.7242
2.0041 5.6749
1.3483 2.8647
2.2349 6.2237
1.4316 2.6107
0.6365 1.3090
2.1086 5.4006
1.4198 6.2657
1.2701 0.7723
0.8190 3.5579
2.9666 6.5116
2.1121 3.5804
1.2331 3.0646
0.7885 0.6596
1.3766 5.4607
2.2951 3.1103
2.6299 5.5372
3.1937 5.9123
2.2388 5.9063
0.2602 3.4907
2.2497 6.2275
1.2807 6.7288
0.5335 0.7743
0.8171 3.5947
2.4239 5.7926
1.4319 5.9398
0.4329 3.2930
2.0636 5.9672
2.1019 1.3918
1.6147 3.9101
2.8513 5.3247
2.5721 3.4887
2.2662 6.4523
3.0442 5.9161
1.9238 5.5498
3.0268 4.9317
3.9350 6.6615
1.2882 0.8358
2.6575 5.9716
1.9454 5.3831
0.9699 3.1042
2.8424 5.4636
2.0785 5.3862
2.4734 7.0013
1.4722 2.4398
0.7431 1.9769
0.9671 1.1622
2.6564 5.8012
1.6187 3.3211
1.5554 5.3489
2.3925 5.6147
1.3029 2.9175
1.7727 5.9665
1.5582 2.8313
3.0611 6.9953
3.0778 6.1345
0.6988 0.9305
1.3987 2.5351
3.0456 5.8040
1.8235 6.4879
1.7865 5.2330
2.6448 6.3329
0.1493 1.3568
0.8357 1.5976
1.7465 6.1696
2.5767 6.5026
0.9854 2.0266
1.8632 0.8464
0.2084 2.8677
2.6221 6.5625
1.9164 5.8775
1.1430 0.9244
2.9487 6.0688
0.6010 2.0143
1.1449 3.7374
1.1972 1.1204
1.8453 2.6678
4.0088 6.1827
0.1702 2.1826
1.5455 5.8798
3.4870 5.9666
0.9913 2.8091
1.5043 1.1937
-0.1554 1.1357
3.1000 6.2853
1.3982 0.8992
1.7205 5.9069
1.5909 6.2130
2.0381 6.2018
2.1091 5.7423
2.4449 6.3111
0.7912 2.9956
0.9545 2.7332
2.6033 6.0070
0.5413 3.4070
0.4523 0.9235
2.5454 5.2657
1.4796 1.0874
0.5500 2.5953
0.4766 0.3531
0.1750 0.7725
2.0372 5.6530
0.8441 1.3955
2.2943 6.2026
0.8238 -0.0330
2.9659 5.8674
2.0220 5.3756
1.2104 3.5342
1.5081 -0.0027
0.6130 0.7881
2.1735 6.8722
3.0573 5.4517
3.3628 5.3458
3.9181 5.8318
1.7836 2.0108
1.3688 2.5278
3.4564 6.1658
1.9495 5.7206
0.4493 0.4878
1.9111 5.8219
3.9144 6.0057
1.8221 6.1133
0.9924 2.9499
1.0342 0.7502
1.6993 6.2215
1.3387 0.6816
1.4689 5.2641
1.6988 -0.0930
2.9727 5.9015
0.1748 3.6267
-0.0627 1.4635
1.1154 3.6802
0.2449 3.1428
2.2411 6.7590
0.9473 0.5139
0.9964 2.9400
3.0214 5.2651
3.4255 6.1323
3.1478 6.1359
1.5368 6.0625
2.7312 6.2325
2.7793 6.8115
1.6923 5.5217
3.3485 6.5027
0.8336 2.5653
1.8657 5.7395
0.5834 2.2649
3.3929 5.3941
2.1582 5.8641
0.3473 3.2856
3.4646 6.1789
2.4298 6.3157
1.2751 3.5284
0.8898 3.0874
1.4459 3.4990
0.3044 0.3967
2.9301 5.8560
1.0856 3.0128
0.4246 3.2997
0.5303 2.6349
0.6750 2.9070
2.4292 6.1568
0.9401 2.7386
2.4702 5.6529
2.5137 6.0559
0.8832 1.2861
1.3007 3.4294
1.7471 6.0118
0.7831 2.8068
3.4748 5.9186
0.9127 0.8841
2.0772 6.5677
1.9672 6.2544
1.5193 3.6372
2.0296 1.1905
2.5744 5.0447
3.5341 6.2203
3.0404 6.0983
1.0000 0.6250
2.4097 5.5274
0.9721 0.1147
3.2736 6.1657
0.3456 3.0171
2.5329 5.4139
3.5078 6.6874
1.7323 5.7618
2.1996 7.0976
3.3500 5.7023
0.8931 4.0029
1.7510 1.8505
0.0726 3.3322
3.2770 6.6120
2.2000 5.6905
0.5352 2.7626
1.5221 0.8008
2.0688 6.0757
3.0504 5.4582
1.8392 5.5671
3.2722 6.4364
0.1593 1.4738
1.0496 0.8080
0.8207 2.9873
1.5399 3.5104
0.5843 1.2151
2.1821 6.2193
2.6197 6.7688
2.0864 6.3576
1.6750 1.5523
1.2388 2.9159
1.3950 0.9033
4.4106 5.8875
1.9627 5.8414
1.4532 5.7933
0.8521 2.1570
0.6362 3.0619
2.6289 6.1465
1.3491 5.5217
1.4054 2.5617
0.6125 1.2279
0.4602 2.3114
0.8232 1.0490
2.8591 6.6243
2.7500 5.8709
1.3804 3.2209
1.6461 6.1393
2.8987 5.9246
2.2666 5.3839
1.4320 1.8910
3.0144 6.2058
1.1691 3.7186
3.2917 5.5127
1.2028 3.8471
0.5866 3.1842
3.6254 5.5105
1.8412 0.7291
0.8803 2.4813
0.4548 1.7695
2.7240 5.9070
3.2922 5.4346
2.4773 6.4573
0.6048 0.5658
3.3852 5.5895
0.9901 3.3703
1.2429 3.2960
0.8189 1.2675
0.4323 3.6197
0.0030 3.8156
1.7437 3.8255
1.3577 6.9895
2.3060 6.1537
0.6921 1.0990
2.8637 5.9477
2.7638 5.3109
2.4292 5.1132
3.8767 5.9303
1.8751 1.0979
0.5696 0.2243
0.8941 2.7548
0.6140 1.9647
1.0832 2.8700
0.7220 3.0416
2.0369 5.9674
1.9830 3.9767
1.0609 3.4387
3.4439 5.7120
1.4602 1.0261
3.2872 5.8916
4.3394 5.8040
0.7038 6.6152
1.7155 6.1558
4.3308 6.1214
1.5578 6.1802
1.1047 2.3138
2.3875 5.5310
2.1349 5.6614
2.0388 5.9936
2.2811 6.2014
1.8010 1.1267
2.8473 6.8698
2.5715 5.6149
0.7758 0.9676
0.2556 0.4725
1.3624 2.9610
1.0772 2.2009
1.5166 0.7175
2.0344 6.3565
3.1167 5.8801
1.8345 5.6034
3.5661 6.0747
2.6929 6.6109
1.7117 1.3290
2.1076 5.0894
0.5291 3.6983
0.5289 3.0206
1.4533 6.7107
1.4935 0.6970
1.5623 3.3241
2.4710 5.7942
0.4691 1.2031
3.7750 6.3103
1.8093 6.0080
1.6034 1.2302
2.7500 6.4493
0.9879 2.6692
1.4572 1.7251
1.3979 5.3690
3.0954 6.1972
2.2592 5.9465
3.5631 5.4589
1.9661 6.4622
0.9356 3.2562
0.6916 2.5068
2.4984 5.6359
2.8086 6.1073
1.5962 6.7016
1.0144 2.7164
1.5337 1.6338
3.5395 6.6243
0.6628 2.7753
0.7695 2.8574
2.6850 5.4600
1.2196 2.9618
1.0276 3.1318
2.1059 5.6524
0.8524 2.9065
1.9107 0.0671
0.9954 3.8400
3.5106 5.8251
1.7451 1.9003
2.4495 5.9879
3.0993 5.5370
0.9424 1.2462
0.3804 2.4252
1.6010 0.6093
0.7500 4.1420
1.0588 3.3234
3.7404 6.8340
1.0847 1.1636
2.6314 5.8007
0.8984 2.0367
1.9082 5.6956
4.0960 5.0315
2.6918 0.1782
3.1285 7.0998
2.7519 5.9270
2.4831 5.8987
3.0236 6.2618
1.3215 3.7078
3.4719 5.9956
1.4020 7.1086
1.4614 1.4546
2.5228 6.6119
2.8421 5.9202
1.4615 0.8335
2.0132 5.4645
0.4246 3.2682
3.0807 6.0064
0.3259 0.6585
1.5621 5.4555
0.7606 2.7197
3.0508 4.9620
2.0329 1.6817
2.7371 6.5323
1.7534 0.7462
0.8402 3.4713
0.9851 2.7511
1.7698 6.1939
0.4332 1.2905
0.6512 2.8711
2.7561 5.9118
1.3922 6.1724
1.5693 6.2439
2.3719 7.0101
0.6394 3.0290
2.5128 6.7342
0.5237 1.3811
2.7179 6.4089
2.1697 5.3129
1.4821 5.7927
1.8285 5.5695
1.2309 5.3775
1.4867 6.5000
2.8837 6.4903
3.8507 5.6676
1.1088 3.7188
0.2790 1.7613
2.3583 7.0671
0.5437 1.1833
2.1153 5.4781
0.8842 -0.1178
0.2952 3.0281
0.6265 1.5023
3.2005 5.7656
1.0581 0.9840
0.9516 1.4608
3.4593 6.1657
0.8665 0.3988
1.3846 2.5086
3.1813 5.8236
3.4808 5.2600
2.1227 6.3633
2.5702 5.7879
0.6060 1.0099
0.6981 3.0892
3.5619 6.1125
2.2971 2.5310
1.8026 6.3857
2.7216 7.1327
1.0179 3.8062
0.9373 3.5018
2.2015 6.4019
1.6222 2.2714
0.6762 1.1977
1.1180 5.8067
0.5103 3.0257
2.6736 5.7090
2.3145 6.1512
0.9818 1.1079
1.2359 1.1013
1.0739 3.2058
3.0832 5.8146
3.2222 5.1141
1.1919 0.5308
0.8074 0.9394
2.3231 6.0686
2.6324 5.9025
3.3454 5.9173
0.7595 3.1765
1.0439 2.2882
0.4864 0.7227
2.6939 5.5044
0.6780 1.9543
2.3946 5.4354
1.7982 5.1775
1.7239 1.6877
2.3114 6.3733
3.4037 6.7341
3.0030 6.0124
2.1996 7.0576
2.0155 6.7927
1.8185 6.4555
2.7780 6.6473
0.5442 3.3040
2.9218 5.7798
1.5492 3.0067
2.5306 6.2171
1.7758 5.2647
0.9995 0.6205
0.2097 3.6227
2.3950 5.9422
2.8602 6.2823
1.2982 3.0808
3.0865 6.0377
3.3640 6.4180
2.5984 5.9685
-0.1695 1.0734
0.4418 -0.2661
1.4667 0.1188
3.5195 6.3846
0.4551 1.0877
3.6055 5.8181
0.6805 3.2274
0.1912 1.5366
1.1898 -0.5905
0.4954 2.9482
0.1614 0.9238
1.5238 1.4922
2.6113 5.7027
0.5335 0.8794
1.6569 6.0901
1.2501 3.4427
0.4770 2.6670
0.1930 0.8657
3.2522 5.8825
0.3981 0.9344
1.8529 0.2101
1.5761 6.4904
1.7442 5.4277
1.0422 5.2935
1.8800 5.6565
1.0190 1.3158
0.9178 1.4421
1.1248 1.3005
0.3057 1.6994
2.9087 6.4572
2.5314 5.1723
1.6097 0.8003
0.5154 0.9554
0.1328 0.8855
1.1797 3.9332
1.4112 6.1594
1.2190 2.1625
0.1439 0.4125
3.2112 5.5736
0.9387 0.4907
1.2283 1.9902
3.3467 4.9398
1.4296 6.3328
0.2350 4.0362
0.8899 2.6491
1.8514 3.0772
0.5452 0.7232
0.9922 1.2301
1.1536 2.3471
2.2712 6.1262
2.0749 6.0184
3.8623 5.3719
3.5375 5.6272
0.6964 1.1962
1.6383 2.8547
1.9854 5.7115
0.9492 0.4031
0.9799 3.5864
3.0591 6.0386
0.5987 1.1380
0.4182 3.9653
1.7897 6.1178
2.0267 1.2027
3.0041 6.5342
2.9957 6.5205
0.8826 0.8453
1.6056 2.9010
3.2970 6.0344
2.6755 5.9683
2.5098 6.4598
2.7117 6.5629
0.9420 0.6931
0.2060 1.5092
0.8524 3.6827
1.1110 2.8124
1.6972 1.1080
1.4519 2.8374
1.0772 1.7310
0.5042 0.6385
0.1878 3.4107
3.0474 6.4812
3.9187 5.9190
0.7274 1.6481
2.7740 6.4597
2.7681 5.6769
1.0086 1.5150
1.7664 6.7369
2.5328 6.2127
1.0645 3.9136
0.0893 0.4549
2.6351 6.3482
0.7406 1.5572
1.0294 2.3719
1.4837 5.7418
0.8261 1.5336
3.1412 6.3315
1.8682 1.4373
2.7173 5.5967
1.2543 3.3264
0.8476 3.1854
2.8338 6.0321
1.4415 1.1788
3.5913 6.3081
0.9127 3.0537
0.7559 0.7551
2.0981 0.2443
2.2373 5.4311
2.5169 4.8109
1.3218 1.6675
1.1554 0.8159
2.8028 6.6185
0.7428 3.1738
0.8734 6.5090
1.2768 3.5801
2.5728 6.2567
1.5119 5.2900
0.3086 0.0870
1.2422 3.8883
1.3080 6.0533
1.3760 0.8018
0.6679 3.3195
1.0499 2.8849
2.4493 5.3834
3.3886 5.6859
4.0421 6.0293
1.4039 2.7927
0.1945 1.4503
2.2400 6.4640
3.3801 5.7543
2.1582 6.6070
1.4702 1.1722
2.2663 6.0528
1.3785 5.8980
3.2183 6.2573
0.7804 0.4957
2.7595 6.4171
3.4288 6.6423
3.1441 5.7130
2.0388 6.3109
0.7373 2.5662
2.8949 6.8296
2.2358 6.8376
2.2776 6.1175
0.5723 1.2963
3.3650 5.2665
2.9688 7.8195
-0.4216 1.2584
2.6921 5.1659
2.0364 5.9775
0.8251 3.5307
2.5618 6.6419
2.6845 6.8438
1.6635 3.5037
1.3865 0.8431
3.0429 5.8339
0.9495 1.0542
1.7266 3.3079
1.2762 3.5434
3.0572 5.2953
2.2450 5.8011
1.3385 6.1861
2.7436 6.3741
2.4730 5.3412
1.8198 2.8427
1.5200 0.7879
1.5156 3.5142
1.2092 3.8939
0.7775 0.5667
2.2389 5.7406
1.2186 5.3175
3.0990 6.9330
2.8201 6.5119
1.9798 6.1394
2.5282 6.5519
3.0728 7.0343
1.8134 6.7821
1.8831 0.3125
-0.1921 1.5510
3.2183 5.6848
1.5682 2.1784
0.6570 4.1811
1.4593 4.1422
1.9889 0.1025
1.1633 3.0633
2.8711 6.3631
1.5994 0.6415
0.9623 0.5558
0.2433 3.2563
1.5857 2.8368
0.8541 0.6387
1.2202 2.9194
1.7542 5.7754
1.4605 5.6073
2.7868 6.3576
0.7646 2.5423
1.8772 5.6368
1.3867 1.0463
0.4977 2.8847
2.5391 5.4991
2.0586 5.7898
1.9837 5.6785
2.3544 6.2577
0.9144 3.1767
2.7394 7.2093
0.8436 0.8269
0.6704 1.1417
2.5162 5.5809
3.3429 6.1966
1.6418 5.9784
1.5007 1.5751
2.4091 6.8040
1.3554 2.9996
-0.7726 1.7954
1.7993 1.7344
1.0342 0.0261
1.3595 4.9013
2.6888 6.2326
2.8248 6.1593
3.1380 5.1991
0.7932 2.3108
0.9579 2.2452
0.9959 1.5848
0.7496 3.2756
0.6306 2.9193
2.0098 6.5412
0.4248 3.2084
1.2270 0.5862
1.8293 5.9764
1.4443 3.1200
3.0009 5.5311
3.2445 6.2823
1.6742 0.1226
1.2540 5.9271
3.2010 5.6984
1.2245 2.8999
2.7494 6.1725
3.0727 6.4212
1.0337 2.9183
1.4377 5.9635
2.9305 6.3347
0.5542 3.0720
1.1211 1.9653
2.3246 6.3819
3.0984 5.8517
1.6042 2.4498
0.6334 0.9086
2.4012 5.2474
3.4228 5.8658
1.5986 0.9534
0.5716 0.6250
0.8887 0.8126
2.2032 6.8770
3.0322 5.7650
1.6444 6.0118
2.8776 6.6946
1.1882 3.2777
2.0928 6.4795
0.7374 2.7892
1.0548 6.8322
1.4471 2.3555
1.4483 2.5810
1.9696 6.3254
3.2102 5.9580
2.3339 6.1697
3.0308 6.0450
2.5552 5.8308
2.5976 5.5724
1.1958 1.7363
1.8958 5.6856
3.2158 5.7890
1.9286 5.4956
0.7432 2.1514
3.3134 5.9496
0.4089 3.1606
2.3348 6.1160
0.5175 3.7423
1.7075 5.2494
2.8473 6.2338
1.7564 5.9854
2.2580 6.4726
1.8790 5.4169
2.5551 5.8916
1.9545 6.2246
0.7394 -0.0056
0.9336 1.2330
0.9105 0.9450
2.7611 5.8122
0.5856 2.1264
0.6665 2.0631
1.1761 1.1392
1.1546 2.6935
1.4407 6.2668
1.2482 6.0356
0.5335 1.0868
2.0157 5.6918
0.4371 3.4914
3.4534 5.9283
1.1128 2.6516
1.7077 2.6826
2.4896 6.4994
0.6997 3.5078
3.0626 5.9154
1.1672 2.5791
2.9910 5.8947
0.2400 2.6920
-0.4706 0.8972
2.5216 6.6818
2.8122 5.7456
1.4051 2.8883
1.0076 0.9465
2.4614 2.8182
1.5110 5.3247
2.5110 5.6366
2.7584 5.7703
1.1036 3.5171
1.1140 -0.1238
2.2678 1.0185
2.4085 6.4307
0.8024 3.6739
1.0142 1.0820
1.0828 0.6312
0.6139 0.4899
3.1715 6.0414
1.3021 3.5088
1.8146 4.8958
2.2621 6.4945
2.3269 5.9263
3.6862 6.9703
1.7460 6.3298
0.8051 1.4653
3.0737 6.6440
1.0606 2.9689
3.1970 5.4656
1.5986 3.4081
1.0060 2.4643
2.9911 5.8842
1.1151 1.0608
1.4166 2.0783
1.0804 2.2745
3.2323 6.3308
0.7183 1.0044
1.4839 1.5792
2.9820 6.8208
0.9868 0.3131
0.7452 0.7132
1.9254 0.6824
1.6919 0.9466
3.8869 5.2500
1.4103 2.0139
0.8371 0.4023
0.4898 3.6954
0.3247 2.2686
3.1034 6.4287
0.9955 3.5223
1.9801 6.1788
1.6686 1.9422
2.6969 6.1944
0.5101 2.4677
-0.0359 1.6609
1.5842 6.0824
1.4156 1.4870
3.4654 6.3944
2.0855 6.4423
0.9089 0.8228
1.3251 1.1318
2.1193 6.0292
1.7531 0.9589
3.0692 5.9889
2.9650 6.2237
0.8417 0.6984
3.2204 6.0497
0.5780 0.6460
2.7426 6.1832
3.2046 5.2642
0.9042 3.2130
2.5247 5.4031
0.9652 2.5090
0.7273 2.9397
1.1633 0.9684
2.7923 5.8359
3.4605 5.9641
1.1637 3.5354
2.4439 6.2624
2.3687 7.4667
2.3182 6.1468
2.5635 6.6315
1.8539 0.3990
2.1181 5.9961
3.2423 6.0042
2.7920 5.7665
2.7718 6.1798
1.7467 5.4381
0.9502 0.5818
2.6386 5.5168
2.7579 5.3171
1.5395 6.2218
0.7967 1.0345
0.6256 2.7231
0.1406 2.6159
0.6638 2.6796
1.9726 5.9439
3.3113 5.5470
0.6642 1.7011
2.4169 6.2704
3.0325 5.3803
0.7589 1.2006
0.9152 0.7983
2.4214 6.3801
1.7270 6.1633
1.5185 5.9967
0.1418 3.3920
1.3610 4.7662
1.4747 6.4212
3.3199 6.0967
1.1732 3.3060
2.3957 5.8602
1.4625 1.6574
0.6852 2.4251
2.4693 6.4286
2.7633 5.9708
1.0852 1.3833
1.0576 6.1328
0.9097 2.5384
0.5757 3.0686
0.8245 1.1177
1.3729 -0.1468
2.0513 6.6387
3.1795 5.5672
2.8660 6.0974
3.1445 5.0539
1.5845 5.8488
2.3501 5.2325
2.9018 6.2099
2.8528 6.6154
0.5933 1.0974
2.0357 5.6908
1.3482 6.1439
1.7868 3.2119
1.1998 3.3207
0.3283 2.9316
0.2505 1.5885
2.5352 5.9840
4.1851 5.3623
1.7364 5.2006
2.2357 6.1297
1.1530 3.3448
1.3477 3.4539
2.5182 5.7400
0.9720 1.0825
3.6688 6.0293
1.4981 1.3828
2.3304 5.3634
1.3347 3.5047
1.7604 1.0166
1.2540 3.0627
0.2202 3.5787
1.8727 6.5417
1.3664 3.4146
1.4139 6.0493
1.6077 5.8719
1.2631 0.6099
1.6629 3.4905
0.4814 0.8147
2.8247 5.2853
1.7348 5.9733
1.5640 3.0860
0.5395 2.9068
0.6519 1.4467
1.6195 1.1132
1.1015 2.3680
0.5982 0.5351
3.6233 6.3286
2.0345 6.1381
1.4952 0.6067
2.9283 5.4324
1.8155 5.9998
1.5525 5.7471
1.0089 2.8958
0.5535 0.9235
0.1110 1.2969
1.6894 4.5252
2.6415 6.4119
1.2551 6.4540
2.6822 7.1842
2.0053 5.8318
1.2883 5.5872
1.1045 0.4700
1.4259 6.0990
0.4080 2.2164
2.7838 5.6816
2.3786 5.9336
1.6353 3.1999
1.0793 0.0278
2.4774 5.4004
1.3109 1.1218
1.2501 0.4549
1.2450 3.3218
2.3752 0.6807
1.0607 3.2487
3.3205 5.8082
2.4742 5.4709
0.0334 0.3977
0.8787 1.7094
1.8637 5.8470
0.5391 0.9987
3.1647 6.0126
0.6875 3.2285
3.1542 5.9027
1.8056 7.1294
2.3853 6.2761
1.2743 3.1266
2.9269 5.5375
0.6125 0.4637
0.7653 3.6312
0.5271 1.1018
1.9495 0.5398
0.9836 1.3192
1.1060 3.1585
0.5602 1.1002
1.7570 1.7049
2.6106 5.8932
1.3441 3.0275
1.8238 1.3784
2.5391 6.4891
3.0190 2.9507
3.1443 6.5519
1.5357 6.5176
0.7725 2.3349
2.9543 5.3400
0.9507 2.2003
1.5905 5.6331
3.2631 6.1878
1.1451 1.2733
1.0011 2.8178
0.9902 0.3540
1.9242 6.6912
1.5098 1.2016
3.3265 5.6188
0.7329 2.0344
0.9362 3.2515
1.1593 2.7408
1.4502 1.9975
2.4030 5.8266
3.5897 5.9392
3.1474 7.0717
1.1488 3.3941
4.1023 6.6311
1.0206 3.0575
2.8785 6.5912
2.0353 5.8662
2.8465 6.6163
1.7601 5.9356
0.3946 2.9828
1.5188 1.9618
0.8601 1.1908
2.1498 6.3331
1.2403 3.1872
1.1967 3.9190
1.6075 3.2560
3.2067 5.9845
1.3714 2.8597
1.3715 3.0260
2.1403 6.0611
0.0978 1.4269
0.9549 2.0833
1.1592 2.2316
0.7627 1.1909
3.0544 7.3318
2.0643 5.8539
0.9423 0.6067
1.6615 6.3185
1.0611 1.9035
1.4115 2.4558
-0.0986 2.5675
1.1563 3.0771
0.9946 5.7916
0.4612 2.6692
1.5240 3.2136
3.0214 6.1095
1.4683 5.8226
0.7726 0.9638
2.1633 6.2497
0.9162 1.1648
2.7582 5.5621
3.3259 6.4923
2.6134 5.9903
1.2595 2.9535
2.9285 4.9715
2.1513 4.0065
1.4880 6.2160
2.5553 6.5987
2.8107 5.3751
3.2478 6.0807
1.4134 3.3557
2.4018 5.9087
3.5609 5.0953
1.2216 2.6447
2.1130 5.2831
2.7529 5.9136
0.1420 1.2279
1.2436 6.0616
0.6978 3.4232
3.0350 5.6221
0.8315 2.2125
0.9565 1.2447
1.4135 0.9535
0.7157 3.0286
1.0238 3.5150
1.2664 1.7119
1.6577 3.7316
0.8441 1.1580
2.3027 6.2326
0.4360 0.5799
0.8368 2.8800
3.4278 5.5683
0.9061 1.5060
2.3995 5.6438
1.5063 2.6108
1.6484 2.7622
1.5876 5.6214
1.8172 5.2910
1.2571 3.4334
0.8218 2.5118
0.6616 -0.0882
-0.4193 2.5014
1.5826 2.8503
0.7004 2.5986
1.6598 6.0762
2.5926 6.8358
2.3115 6.0744
2.3757 5.4514
3.3230 7.0769
1.7701 2.2530
1.9952 1.0666
0.7022 3.6539
1.7603 -0.2513
-0.1124 3.2791
0.5765 0.6780
2.7022 6.8618
1.9922 5.5826
3.2043 5.7291
0.0976 3.7264
1.1371 3.2366
1.0805 2.7721
2.1610 5.6422
0.7896 0.9863
1.6395 6.3466
2.3690 6.6889
3.5957 6.0335
0.8085 0.4397
2.9080 6.3353
0.1301 0.7890
0.1517 1.1986
2.4907 6.1229
0.2976 3.3648
0.8306 2.7520
1.6310 3.0833
1.1839 1.1847
1.0814 2.5011
1.3942 0.2377
1.5531 4.9346
2.3666 6.3305
1.2690 1.2148
-0.5707 2.4239
2.0320 5.6480
3.3526 6.7959
1.3685 0.5234
1.0304 2.0071
2.1501 6.5887
3.2724 5.4266
0.5698 0.6791
3.1401 6.1310
0.6854 -0.0207
0.6796 2.7673
2.2589 6.6492
3.2002 5.7595
0.9134 2.4423
1.7927 5.0362
3.0303 5.9759
0.3270 1.4082
2.8631 5.7249
1.2313 3.3643
0.6547 1.2874
2.3638 6.2295
1.3069 1.5775
1.7434 1.8664
3.2439 6.8210
1.2428 6.6977
2.3827 5.7093
1.1151 3.8024
1.9288 6.8143
0.9063 1.5662
0.8124 0.6006
1.4530 2.0931
2.9664 5.7835
1.8794 6.5661
1.5601 1.4506
1.7069 5.9451
1.8719 6.3167
1.5153 1.3838
1.5393 5.6745
1.5346 7.1517
1.5500 2.6281
0.6041 1.6398
2.0932 5.3623
1.0531 5.2051
1.5634 5.9166
0.3780 3.1135
3.7822 5.9911
0.7896 0.9562
2.7665 5.8115
0.5486 2.3990
0.7569 1.3817
3.3676 5.7071
0.2834 0.4546
3.2307 5.9865
1.9150 5.4131
1.0730 2.9963
0.8225 3.4865
0.9278 4.1666
0.8343 1.1174
0.2168 0.5988
1.2030 1.8542
2.8552 6.0814
2.8926 5.7698
1.4014 2.7289
3.2238 6.2166
1.3308 1.2451
1.7340 0.9218
1.0305 6.8409
1.8441 0.7130
1.4383 0.8265
0.4856 2.2951
2.6374 6.6146
0.9626 0.7667
2.8580 7.6586
1.3136 0.5780
3.2395 6.7575
0.5718 0.7621
3.2526 5.7470
2.7422 6.2069
1.3727 6.5498
2.5753 5.7343
1.8184 1.0957
0.9372 2.9227
1.6255 6.9759
3.6155 6.3074
2.4140 5.9977
1.6184 6.1269
1.2713 1.0560
2.9763 5.2066
1.6801 3.0541
2.3306 5.8599
1.6248 6.4844
2.1288 5.5383
1.7644 6.2763
1.1347 2.7718
1.7951 6.3547
1.8668 6.4945
2.7710 6.1396
0.8490 1.3446
1.3139 2.3673
2.3705 4.8008
3.2382 6.1023
1.2952 2.6724
1.0499 1.9696
2.2625 6.2703
1.3049 0.2920
1.1975 6.5184
0.3229 0.8953
1.3556 0.5508
3.2345 5.8173
1.7480 5.9742
1.6644 4.9053
1.7320 5.8315
1.9353 5.9779
1.9581 5.9390
3.4100 5.8683
0.5458 2.9761
2.9174 6.0460
1.0314 2.1987
2.7964 6.1125
2.0873 2.8222
0.9398 3.4269
3.3627 5.8454
1.6358 5.9821
2.3361 6.6136
0.5418 1.3350
1.1036 0.8198
1.9047 1.2563
3.6836 5.6551
0.3868 1.3959
0.7475 0.2102
0.8096 0.2165
1.8681 2.8138
3.3085 5.9020
3.3737 5.9880
3.3145 6.1406
2.9609 6.7979
2.8566 6.6049
1.8951 1.6340
3.3084 5.7894
0.7696 1.1735
1.1853 2.6083
0.5621 0.6069
1.8822 -0.0112
0.2634 3.2934
0.5710 1.8612
2.9789 6.2840
1.0966 2.7460
2.7785 6.1651
1.2835 0.3253
1.3523 4.9676
3.5578 6.3769
0.6155 4.2559
2.6920 5.7717
2.7224 5.1379
0.9441 0.2887
1.4112 5.4810
0.9264 0.8619
0.8301 0.4302
2.0636 5.2356
0.5101 1.1417
4.0766 6.7306
2.4784 5.9210
0.6911 3.3857
2.6735 5.9344
1.4549 2.5700
0.7136 3.1517
2.7882 6.5016
2.3852 6.6791
0.8994 2.7298
1.7221 5.8812
2.5218 6.5304
1.5110 6.6786
2.9229 5.7701
2.1495 2.4827
0.9896 1.5744
0.9911 5.8334
2.8147 6.1952
1.1349 6.0073
2.6960 5.0244
1.8486 6.0562
0.4745 3.2473
1.2712 1.4761
0.7122 3.8015
0.3815 2.0881
1.9918 0.9327
2.1286 5.9328
3.0380 6.0670
3.2412 5.8787
1.3144 1.2595
2.1286 5.8109
1.9472 5.6817
3.2879 5.8518
2.7718 5.9221
2.5734 5.9883
0.1665 1.1184
3.5108 7.1731
0.3862 1.3203
2.9342 6.0184
1.4413 5.7603
2.7925 5.8956
0.5328 3.5613
2.1007 5.5273
2.5216 5.6024
0.5256 2.0726
3.7295 6.4453
0.4623 2.1174
1.8011 6.4566
0.5448 3.6385
2.3294 5.9948
1.0736 6.2515
2.5757 5.9448
1.3936 5.2818
0.5849 3.5641
0.2678 0.6925
1.6145 3.2617
3.2119 6.3601
2.6229 5.3909
2.0461 6.4627
3.0274 5.7315
2.0879 5.8103
1.0164 3.1460
3.3923 6.1932
3.2574 5.2572
2.1799 5.3175
1.6254 2.5423
2.9394 6.4718
1.8113 5.8703
3.0498 5.0765
0.3881 1.4927
2.2548 5.4173
1.1571 1.4129
0.0888 3.1904
2.8046 5.5801
1.3035 2.3838
2.0706 7.1235
3.1329 5.6416
1.3153 1.7556
3.2474 5.8937
1.4103 7.0153
1.4511 6.4898
2.0495 5.7720
1.7895 6.5680
2.8326 5.5351
3.5732 5.4503
1.2007 3.0216
3.4738 6.0037
-0.0281 3.2901
1.2336 2.4251
1.0553 0.5578
0.5440 2.7670
1.0750 3.3925
1.8359 6.4842
2.7970 5.6946
0.9007 3.0636
0.6676 1.1329
2.5749 6.1558
2.5036 5.8705
2.1115 5.8852
2.9520 5.5431
2.7407 6.3136
3.2318 5.5508
3.1510 6.0246
0.9343 2.6918
0.5017 0.6583
3.2812 6.3337
0.9327 0.8686
1.9564 6.5671
2.9987 5.8971
2.5947 5.6518
2.5181 6.2701
1.7515 4.9972
0.3927 3.0675
3.0806 5.8933
1.3112 2.4384
0.7055 3.0638
2.2948 5.8510
2.7840 5.6876
2.2238 5.5599
0.8903 0.7026
1.1273 0.8838
0.9509 1.2981
0.1128 2.1570
1.1507 2.0561
0.0545 2.4923
0.7916 2.7057
2.5711 6.0005
1.1873 5.8702
2.3647 5.7446
1.3218 2.0622
1.5331 1.2855
0.9245 2.6557
1.8492 5.4897
1.7877 1.5321
1.7443 0.5612
2.0057 3.2772
3.4051 5.2770
3.2018 5.8912
1.0369 1.0878
2.9218 5.9959
4.0335 6.0042
1.8017 0.3434
2.4898 5.6990
1.7780 6.0250
2.2649 5.2281
1.4622 2.1809
1.1367 2.5158
0.6212 2.1114
1.8367 0.0732
2.2064 7.2724
0.9983 1.1871
1.8273 5.8784
1.2581 0.9363
0.0109 1.3574
0.9105 2.7724
1.1107 0.4583
1.1837 1.1892
3.9758 7.1799
1.4588 0.5372
0.7410 1.6518
0.7851 3.0729
0.9177 3.0986
0.2914 3.4346
1.6448 2.7695
2.9309 5.5403
1.8148 3.0029
1.0583 2.4903
0.8720 0.4124
1.3507 2.9284
1.2105 1.4951
1.4765 3.0916
0.8043 0.4208
1.9750 5.5692
0.2700 1.7799
0.8596 1.1006
1.9405 6.0010
0.6310 2.8490
2.1363 6.1569
1.3499 2.5865
1.0734 2.5346
2.1504 5.9500
3.7825 5.1767
-0.2087 1.4636
3.4584 5.5829
0.1128 1.0946
0.6492 0.3965
3.1839 6.2198
0.7445 1.0333
1.9324 6.1296
1.0479 1.4311
2.1528 6.0481
2.8680 5.9859
1.3199 2.0691
0.8169 2.6162
3.3307 5.8242
3.1575 5.9181
2.5744 6.3994
0.7789 0.9457
1.0435 2.7340
2.1853 6.3240
2.3849 5.4237
1.7474 1.2101
2.8959 6.0078
1.2997 3.0457
0.3014 1.0503
1.3074 2.3358
1.0660 2.6923
0.9039 3.3473
3.3792 7.0252
2.9339 5.8486
2.1147 5.8729
1.2194 2.4650
3.4752 5.0994
2.7221 6.1112
0.6521 0.6573
1.5849 4.1628
1.2476 2.9093
3.5031 6.1878
3.6865 5.8305
3.8530 5.9348
2.9474 6.7130
0.6785 0.9277
0.5825 1.1916
1.6274 2.2485
2.6636 6.1219
1.3136 0.0688
2.8219 5.8536
1.9070 5.8423
2.5505 6.4379
2.8771 5.8307
2.4814 5.2136
3.0776 6.4572
2.6406 5.6715
3.0378 5.9564
2.9472 6.2082
0.6344 2.3331
1.2713 3.6339
0.6874 2.6899
0.6415 3.3539
2.1529 5.5672
2.9456 6.3754
0.5015 0.9403
3.4380 6.2029
2.8463 6.2626
1.5254 1.4208
1.1236 3.9717
2.3333 5.8697
1.3555 1.5316
0.7309 2.5838
1.9623 5.0032
2.6813 6.0533
2.4467 5.7062
2.1731 5.6679
2.7788 5.5847
1.4857 2.8742
3.3606 5.7299
1.6988 2.8382
1.2456 0.6152
3.2470 6.1969
1.7587 2.3461
2.9103 5.6690
-0.7611 3.1716
1.8649 1.5643
2.3342 6.0959
1.6716 6.7469
1.4871 6.4341
1.1485 5.9522
2.8021 6.9412
0.9763 0.6799
1.1974 2.8078
0.7427 2.0931
1.6339 1.7298
3.8107 6.6075
1.2333 6.0329
0.8288 3.4307
1.6738 6.2712
1.3501 3.4195
2.4130 6.1254
1.4556 0.9410
1.5091 1.5662
0.6496 3.2483
-0.1903 2.2040
0.7062 0.8633
1.7356 6.4691
2.7486 6.3189
1.4327 3.3923
2.5690 5.7182
1.7013 3.3377
1.9696 3.3552
0.5472 1.6076
0.9710 1.1801
2.9706 4.9648
2.5835 5.2429
1.9419 5.4334
2.1198 5.0098
1.3120 2.1148
0.1493 3.3986
1.5097 3.1357
1.6259 1.6407
1.2420 2.5063
2.2024 5.4094
1.3832 0.8233
1.8140 5.7815
2.6922 6.1991
1.5794 3.5101
2.1525 4.6199
-0.2714 3.1475
1.6767 1.7251
2.6116 6.4159
2.5156 4.9643
0.9659 3.8152
2.9980 6.1243
2.8313 5.5587
1.0341 6.4737
1.0352 7.4623
2.3003 5.2369
2.6435 5.3619
2.2059 5.9761
2.3790 6.5868
2.1716 6.8411
2.4015 5.7564
1.6761 1.4667
1.2095 5.6645
2.6224 5.5637
0.7907 3.3385
0.9542 3.6622
0.7843 0.2333
1.9545 5.8286
1.2182 3.9435
2.1112 6.3270
1.1186 6.2856
0.9194 2.3588
3.0802 6.5340
0.1540 1.7683
1.1991 1.5148
2.8094 6.2486
2.9561 6.4013
1.5456 0.9699
1.4273 1.1866
1.2629 5.8720
1.0772 3.5951
0.5842 3.5313
3.1699 6.5926
2.8977 6.9377
1.2575 6.4675
2.3715 5.4988
0.6470 2.6229
1.2257 2.9837
0.2734 3.3698
0.7885 3.5937
2.1897 6.7413
1.1881 3.1405
3.3880 6.4129
1.0686 3.5208
2.8803 5.6663
1.0512 3.2809
3.1275 5.5858
1.0589 1.1675
0.9078 0.6082
1.8967 5.9731
1.2939 1.7268
2.5159 5.8399
1.0856 3.2159
1.3122 0.3101
0.5048 0.7799
2.3688 5.3517
2.7961 5.1194
3.1413 5.7081
0.7087 2.4182
0.8929 6.0154
-0.5151 0.6180
1.7037 0.9993
2.2700 5.2521
0.6227 4.0440
3.5714 5.8315
0.6882 0.9199
1.0878 3.2241
1.8967 6.0189
1.1204 0.6564
1.8323 6.2049
1.4566 0.7910
2.5448 6.8130
2.0640 6.4967
3.5798 6.7026
0.8307 6.1583
0.5029 1.4740
2.3089 5.4876
2.7655 6.2155
1.2424 1.2754
3.0697 5.9056
1.2978 1.4883
1.4017 6.2597
1.5481 0.5846
1.3109 1.1324
2.1268 5.3852
2.2600 6.0998
1.5927 0.8732
1.6363 3.1224
2.2000 6.2497
1.2026 2.1147
1.7057 6.7451
0.7844 0.8297
3.3920 6.2780
1.8932 6.1385
0.8399 0.5915
1.8001 6.1428
1.0364 2.7056
2.8584 5.8548
1.3709 0.6093
2.2128 5.6036
2.4507 6.6175
0.6913 0.5788
2.9898 5.8531
1.5978 0.9379
0.9960 2.8515
1.9873 6.2222
0.7623 1.0498
1.1802 2.6253
2.5936 5.6894
4.5540 5.3016
1.3591 1.4492
1.2342 2.9828
1.6793 6.3520
0.7243 3.6653
1.1529 3.7288
1.7655 6.2501
1.4751 2.5487
1.1699 2.7339
1.1248 2.6848
3.5795 5.1334
1.8434 4.4352
0.5946 3.3827
3.5377 6.5471
1.7260 5.0101
2.9891 5.8273
0.0461 2.9836
0.9177 4.0583
2.1611 6.6584
3.6126 6.8484
1.1553 2.5749
2.2218 6.1279
1.8288 6.6193
1.5113 0.9387
0.9734 1.5208
3.6417 5.5784
1.4743 6.1724
-0.0365 1.3056
0.2722 3.1512
0.4891 2.3610
0.5134 1.4754
3.1551 6.5514
1.6849 6.0778
0.8764 2.7897
1.2355 1.2982
0.8384 1.1211
0.7157 0.4110
0.7580 3.1369
1.0949 1.6743
0.9924 1.1039
3.0566 5.7495
0.1587 1.7410
2.2965 5.8520
0.5870 1.4086
1.4377 2.9352
-0.2054 2.9825
1.8083 6.5057
1.3115 5.3051
1.0800 3.8643
1.2844 3.0087
2.5667 5.1370
3.1944 5.7615
2.0929 6.0432
2.2015 5.7786
1.2249 1.1963
2.2934 6.0234
3.2303 5.9339
2.4263 6.4232
0.3930 1.6512
1.7390 6.0476
0.5177 0.8481
2.7285 5.5038
0.8719 0.6241
1.0288 3.1622
0.9718 2.8103
2.2811 6.1803
1.2725 1.7061
3.0805 6.7849
3.3778 6.0120
2.4503 5.9150
2.2501 6.4217
1.4737 1.1772
0.9088 0.2616
0.7907 3.1337
2.4292 5.9752
0.2040 2.9029
1.0947 1.1197
1.1534 3.4496
1.5969 2.3697
3.2540 6.3731
0.7928 3.3525
0.8452 3.1329
2.6516 6.3683
1.0460 1.3560
2.9154 6.3235
0.8788 3.6144
2.8985 5.7408
3.3319 6.2747
0.4690 2.2548
2.4982 5.8376
1.0145 1.7291
0.8504 3.0375
2.6736 6.3044
0.9019 1.7060
0.8188 2.6558
1.1790 1.4194
0.7571 1.3035
0.3068 3.2792
1.2163 2.9511
1.3034 1.5235
3.0467 7.1195
2.2977 6.2416
2.6442 5.7595
0.5748 0.7879
1.3377 0.3272
1.0499 3.8462
3.1484 5.5798
2.5521 6.2959
1.2862 3.5630
3.4286 6.3187
1.8328 6.0428
1.1693 1.4097
2.6956 6.1756
1.3273 2.4163
1.1647 1.4687
2.2309 6.3291
1.3784 1.1833
1.0409 1.6880
1.0872 1.7000
1.8612 3.1878
2.4908 5.5309
2.4842 5.8341
1.1400 5.8581
2.1969 6.1190
3.4365 6.0576
3.5094 6.5954
3.0282 6.1146
-0.0600 3.1786
1.1458 0.8710
0.5284 0.3777
3.0512 5.8354
2.6032 6.0718
2.0164 5.6523
-0.0115 2.7961
1.4069 1.2551
2.6098 6.2371
3.2307 6.1705
1.7633 5.3089
1.1339 0.4080
1.8277 5.1058
1.2230 0.7314
1.2736 0.6477
0.8985 2.7813
2.8809 5.6517
3.2802 6.1654
-0.3900 1.7884
1.3772 5.1389
2.2604 6.6074
1.2370 3.5019
1.4668 5.8983
2.8755 6.2634
3.1189 5.7804
1.4787 6.1776
1.8611 5.5194
2.4517 5.9599
0.8069 2.9502
1.3996 3.1713
2.2129 5.5683
1.3804 0.7186
2.3373 5.6816
2.8948 5.8458
2.3015 5.8062
0.3369 3.0928
